0.000000
0.024329
-0.031535
0.032869
0.119183
-0.195543
0.133289
0.238784
-0.061595
0.148165
-0.103821
0.206127
0.313673
0.113843
0.233108
0.349575
0.365625
0.381172
0.405030
0.422945
0.436596
-0.123921
0.332834
0.461942
0.268021
0.365648
0.489565
0.485053
0.470028
-0.180945
0.365063
-0.206419
-0.443553
-0.342559
-0.436107
0.253549
0.367991
-0.415826
0.378054
-0.294908
0.321138
0.468897
0.387021
0.475394
-0.369787
0.425628
0.481016
0.412334
0.475829
0.478313
-0.380728
0.437299
-0.396539
-0.490331
0.475857
0.427854
-0.459849
0.456628
0.497573
0.427095
-0.425170
0.456005
0.525312
0.443557
0.491842
0.488967
-0.429929
-0.473466
-0.452853
0.456217
-0.456087
0.430187
0.515552
0.455825
-0.454990
-0.505274
-0.461128
0.475779
0.507619
0.468900
0.496437
0.489359
0.507607
0.502142
-0.473091
0.476937
0.521382
0.483872
0.510512
-0.494426
-0.494092
0.496546
0.505134
0.495248
-0.487208
0.466348
0.524790
-0.495040
0.494639
-0.483639
0.477288
-0.463406
0.463779
-0.467457
0.471718
-0.474967
0.477843
0.514492
0.479136
0.512171
-0.510903
-0.477524
0.506146
-0.485587
0.503561
0.484794
0.490666
-0.481866
0.482004
-0.479191
0.506358
0.511251
0.483927
-0.484261
0.486587
0.521519
0.507043
0.507695
0.484843
-0.483102
0.512370
-0.493849
-0.493285
0.514283
0.485775
0.516956
-0.520627
0.493932
0.517813
0.503110
0.508961
0.483843
-0.482280
0.510320
-0.492965
-0.493912
-0.487073
-0.516835
-0.482330
0.486051
0.494628
0.492450
0.494221
-0.513226
0.515634
0.509854
-0.494714
0.511435
0.487117
-0.488129
0.509358
-0.511956
-0.493896
0.513589
0.491577
0.515301
-0.517268
-0.511108
0.518160
0.506799
-0.491062
-0.512039
-0.501984
0.504939
0.503253
0.481358
0.501367
0.495251
0.516301
0.507288
-0.488070
0.503055
-0.487693
0.497224
0.515502
0.478567
-0.476392
0.481551
0.515272
0.502294
0.511484
0.482580
0.514779
0.504778
0.503805
0.503701
0.503046
0.502506
0.502062
0.501697
0.501396
-0.494235
0.505322
0.503205
0.498778
0.508026
0.479256
-0.488131
0.504994
0.502662
-0.496853
0.511952
-0.514567
0.508808
-0.486124
-0.515611
0.519864
0.478119
0.510969
0.485558
-0.510815
0.511098
0.502334
0.498235
-0.487605
0.483181
0.509309
0.498451
0.507483
0.479256
0.507500
-0.494562
-0.490853
-0.488501
-0.491118
0.511143
0.485076
-0.506260
0.495587
0.486297
-0.491620
0.511081
0.480521
0.504882
0.507699
-0.516919
0.511425
0.502878
0.498235
0.508026
-0.516376
0.511425
0.502878
0.498235
0.508026
0.479256
0.507500
-0.494562
0.504778
0.503205
0.498778
-0.487605
-0.512450
0.513234
0.500260
-0.490766
0.489811
-0.508463
0.508480
0.508964
0.476094
0.514130
0.478928
-0.488674
0.504994
-0.492969
-0.492927
0.513760
0.478447
0.511512
0.485558
0.484816
0.507172
0.500525
0.500853
0.501396
-0.494235
-0.490309
0.507131
-0.495044
0.509334
-0.507937
0.486667
0.515611
0.475767
0.513586
-0.516703
0.510882
-0.492754
-0.493471
0.513760
-0.517185
0.515437
0.487367
0.482198
-0.481829
0.482310
0.508765
0.498451
0.507483
0.479256
0.507500
0.501069
0.500853
-0.494235
-0.490309
-0.488501
0.504513
0.507217
0.483268
-0.503642
0.488957
0.508438
0.497908
0.507483
0.479256
-0.488131
0.504994
-0.492969
0.502704
-0.485796
-0.515068
0.519864
-0.517512
0.514894
-0.508264
0.486124
0.515611
-0.519864
0.517512
-0.514894
0.508264
0.509507
0.476094
0.514130
0.478928
0.506957
0.501069
0.500853
0.501396
0.501396
0.501396
-0.494235
-0.490309
0.507131
-0.495044
0.509334
0.487694
0.482741
-0.481829
0.482310
0.508765
0.498451
-0.488148
0.483181
0.509309
0.498451
-0.488148
0.483181
0.509309
-0.497180
0.511408
-0.514567
0.508808
0.509507
-0.519537
0.518055
0.480737
-0.491292
0.511624
0.480521
0.504882
0.507699
0.478712
-0.488131
0.504994
0.502662
0.498778
-0.487605
0.483181
-0.486322
0.502376
-0.486340
-0.515068
-0.475767
0.482045
-0.482854
0.486866
0.493255
0.482414
0.513259
0.478385
-0.488674
-0.490637
0.506587
0.500587
0.505408
0.485885
0.485359
0.507172
0.500525
0.500853
-0.494235
-0.490309
0.507131
0.500587
0.505408
-0.509746
0.489285
-0.486650
0.501833
0.509292
0.476638
0.514130
0.478928
0.506957
0.501069
0.500853
0.501396
-0.494235
0.505322
0.503205
0.498778
0.508026
-0.516376
-0.484206
-0.488828
0.503969
0.507217
0.483268
0.491989
0.485032
-0.489002
0.504451
-0.492969
0.502704
0.509835
0.476638
0.514130
0.478928
0.506957
-0.494562
-0.490853
0.507131
0.500587
-0.490223
-0.505820
0.491094
-0.489268
0.508463
-0.508480
0.486667
-0.480020
0.479692
-0.480236
-0.515395
-0.476310
0.482045
0.512778
0.482940
0.491446
0.485032
0.506629
0.500525
0.500853
0.501396
-0.494235
0.505322
-0.492426
-0.492927
0.513760
0.478447
0.511512
0.485558
0.484816
0.507172
0.500525
0.500853
0.501396
0.501396
-0.494235
0.505322
0.503205
0.498778
0.508026
-0.516376
-0.484206
-0.488828
0.503969
0.507217
0.483268
0.491989
0.485032
0.506629
0.500525
0.500853
0.501396
0.501396
-0.494235
-0.490309
-0.488501
-0.491118
0.511143
0.485076
0.489371
0.491662
0.484488
0.506629
0.500525
0.500853
-0.494235
-0.490309
0.507131
-0.495044
0.509334
0.487694
0.482741
0.513802
-0.517246
0.510882
0.502878
0.498235
-0.487605
-0.512450
0.513234
-0.495371
-0.486841
0.491620
0.484550
0.511184
0.485015
0.484816
0.507172
0.500525
0.500853
0.501396
0.501396
-0.494235
-0.490309
0.507131
0.500587
0.505408
0.485885
0.485359
0.507172
-0.495106
0.504778
-0.492426
0.502704
0.509835
0.476638
0.514130
0.478928
0.506957
0.501069
0.500853
0.501396
0.501396
0.501396
-0.494235
0.505322
0.503205
0.498778
0.508026
0.479256
-0.488131
-0.490637
0.506587
0.500587
0.505408
0.485885
-0.510272
0.511098
-0.493297
-0.493471
-0.481871
0.482372
0.513321
-0.512691
0.495371
-0.508790
-0.487694
0.512890
0.477903
0.511512
0.485558
0.484816
0.507172
0.500525
0.500853
0.501396
0.501396
0.501396
0.501396
0.501396
-0.494235
0.505322
0.503205
0.498778
0.508026
0.479256
0.507500
-0.494562
0.504778
-0.492426
0.502704
0.509835
0.476638
0.514130
0.478928
0.506957
0.501069
0.500853
0.501396
-0.494235
0.505322
0.503205
0.498778
0.508026
-0.516376
0.511425
0.502878
-0.497396
0.511952
0.481064
-0.490749
0.511624
-0.515110
-0.486823
-0.482198
-0.513802
-0.478385
-0.506957
0.494562
-0.504778
0.492426
0.492927
0.481871
0.513259
0.478385
-0.488674
0.504994
0.502662
0.498778
0.508026
-0.516376
0.511425
0.502878
0.498235
-0.487605
0.483181
-0.486322
-0.493255
-0.482414
-0.513259
0.517246
0.484749
-0.506803
0.495587
0.486297
0.504011
0.507155
0.478712
0.507500
0.501069
0.500853
0.501396
0.501396
-0.494235
0.505322
-0.492426
-0.492927
0.513760
-0.517185
-0.480194
0.491292
0.484007
0.511184
-0.510616
0.488741
0.508981
0.497908
0.507483
0.479256
-0.488131
-0.490637
0.506587
0.500587
0.505408
-0.509746
0.489285
0.508981
0.497908
0.507483
0.479256
0.507500
0.501069
-0.494778
-0.490309
-0.488501
-0.491118
0.511143
0.485076
0.489371
-0.503969
0.488414
0.508438
0.497908
0.507483
-0.516376
0.511425
0.502878
0.498235
-0.487605
0.483181
-0.486322
-0.493255
-0.482414
0.482372
-0.482310
0.486866
-0.502376
0.486340
-0.480563
-0.515939
-0.476310
-0.513586
0.516703
0.484749
0.488828
-0.503969
0.488414
-0.487193
0.501833
-0.486340
0.480563
0.515939
0.476310
-0.482045
-0.512778
0.512691
0.500260
0.504865
-0.509746
0.489285
-0.486650
0.501833
0.509292
-0.518993
-0.477576
0.484662
0.506148
0.505081
0.485342
0.485359
0.507172
-0.495106
0.504778
0.503205
-0.496853
-0.483679
0.484990
0.506691
0.505081
-0.510289
-0.506346
0.512907
0.499716
0.504865
0.485885
0.485359
-0.488459
-0.491180
-0.489044
0.504513
0.507217
0.483268
-0.503642
0.488957
-0.487193
-0.493798
0.513217
-0.517185
0.515437
0.487367
0.482198
0.513802
-0.517246
0.510882
0.502878
0.498235
-0.487605
0.483181
0.509309
0.498451
0.507483
0.479256
0.507500
-0.494562
-0.490853
0.507131
-0.495044
0.509334
0.487694
-0.512890
0.517728
0.480194
-0.491292
0.511624
0.480521
0.504882
-0.487933
0.482638
-0.486322
0.502376
-0.486340
-0.515068
0.519864
-0.517512
0.514894
0.487367
0.482198
0.513802
0.478385
0.506957
0.501069
-0.494778
0.505322
-0.492426
-0.492927
0.513760
0.478447
0.511512
0.485558
-0.510815
-0.484533
0.506260
0.500044
0.505408
0.485885
-0.510272
-0.484533
0.506260
0.500044
-0.490223
-0.505820
-0.504537
0.510289
0.506346
0.482724
-0.503642
0.488957
-0.487193
-0.493798
-0.482414
-0.513259
0.517246
-0.510882
0.492754
0.493471
0.481871
-0.482372
0.482310
0.508765
0.498451
-0.488148
-0.512450
-0.482397
0.504185
0.506674
0.483268
-0.503642
-0.506674
0.512363
0.499716
-0.490766
0.489811
0.487168
-0.491076
0.511081
0.480521
0.504882
0.507699
0.478712
-0.488131
-0.490637
-0.489044
0.504513
0.507217
-0.512363
0.495915
-0.508790
0.507937
0.508964
0.476094
-0.481501
-0.512778
0.512691
0.500260
-0.490766
0.489811
0.487168
0.504555
0.507155
-0.516919
-0.484206
-0.488828
0.503969
0.507217
0.483268
0.491989
0.485032
0.506629
0.500525
0.500853
0.501396
0.501396
-0.494235
0.505322
0.503205
-0.496853
-0.483679
0.484990
-0.488940
-0.486625
0.491076
0.484550
0.511184
0.485015
-0.510815
0.511098
0.502334
0.498235
-0.487605
0.483181
0.509309
-0.497180
0.511408
0.481064
0.504882
0.507699
0.478712
-0.488131
0.504994
0.502662
0.498778
-0.487605
0.483181
0.509309
0.498451
0.507483
-0.516376
0.511425
-0.492754
0.502161
0.509835
0.476638
0.514130
0.478928
0.506957
-0.494562
0.504778
-0.492426
0.502704
0.509835
0.476638
0.514130
0.478928
0.506957
0.501069
-0.494778
0.505322
0.503205
-0.496853
0.511952
0.481064
0.504882
-0.487933
-0.512993
-0.482397
0.504185
-0.488957
0.487193
0.493798
0.482414
0.513259
0.478385
0.506957
0.501069
-0.494778
0.505322
-0.492426
0.502704
-0.485796
0.480563
-0.479692
-0.515395
0.519321
0.478119
0.510969
0.485558
0.484816
-0.488459
0.504451
0.502662
0.498778
0.508026
0.479256
0.507500
0.501069
0.500853
-0.494235
0.505322
0.503205
0.498778
0.508026
0.479256
-0.488131
0.504994
-0.492969
0.502704
0.509835
-0.518993
0.518055
-0.514894
0.508264
0.509507
0.476094
0.514130
0.478928
0.506957
-0.494562
0.504778
-0.492426
-0.492927
-0.481871
0.482372
0.513321
-0.512691
0.495371
0.486841
0.504011
0.507155
0.478712
0.507500
0.501069
0.500853
0.501396
-0.494235
0.505322
0.503205
0.498778
0.508026
0.479256
0.507500
0.501069
0.500853
0.501396
-0.494235
0.505322
0.503205
-0.496853
0.511952
0.481064
0.504882
-0.487933
-0.512993
-0.482397
0.504185
0.506674
0.483268
0.491989
0.485032
-0.489002
0.504451
0.502662
0.498778
-0.487605
-0.512450
0.513234
0.500260
0.504865
-0.509746
-0.506346
0.512907
0.499716
0.504865
-0.509746
-0.506346
-0.482724
0.503642
-0.488957
0.487193
-0.501833
-0.509292
0.518993
0.477576
-0.484662
-0.506148
0.490550
-0.489268
0.508463
0.487151
0.482741
-0.481829
-0.513321
0.512691
0.500260
0.504865
0.485885
0.485359
-0.488459
0.504451
0.502662
0.498778
0.508026
0.479256
-0.488131
0.504994
-0.492969
0.502704
0.509835
0.476638
0.514130
0.478928
0.506957
-0.494562
0.504778
0.503205
0.498778
0.508026
0.479256
0.507500
0.501069
0.500853
0.501396
0.501396
0.501396
0.501396
0.501396
-0.494235
0.505322
0.503205
-0.496853
-0.483679
0.484990
0.506691
0.505081
0.485342
-0.510272
0.511098
0.502334
-0.497396
0.511952
0.481064
0.504882
0.507699
-0.516919
0.511425
-0.492754
0.502161
-0.485796
0.480563
0.515939
0.476310
0.513586
-0.516703
0.510882
0.502878
-0.497396
0.511952
-0.514567
0.508808
0.509507
0.476094
0.514130
0.478928
0.506957
-0.494562
-0.490853
0.507131
-0.495044
0.509334
-0.507937
-0.508964
0.519537
-0.518055
-0.480737
0.491292
-0.511624
0.515110
-0.508808
0.486124
0.515611
-0.519864
-0.478119
0.484662
0.506148
0.505081
0.485342
0.485359
-0.488459
-0.491180
-0.489044
0.504513
0.507217
0.483268
0.491989
0.485032
-0.489002
0.504451
0.502662
-0.496853
0.511952
0.481064
0.504882
0.507699
0.478712
0.507500
0.501069
-0.494778
0.505322
0.503205
0.498778
-0.487605
-0.512450
0.513234
0.500260
0.504865
0.485885
0.485359
-0.488459
-0.491180
0.506587
0.500587
0.505408
0.485885
-0.510272
0.511098
0.502334
0.498235
0.508026
0.479256
0.507500
0.501069
0.500853
0.501396
0.501396
0.501396
0.501396
0.501396
0.501396
0.501396
0.501396
0.501396
0.501396
0.501396
0.501396
-0.494235
0.505322
-0.492426
0.502704
0.509835
0.476638
0.514130
0.478928
0.506957
0.501069
0.500853
0.501396
0.501396
0.501396
-0.494235
0.505322
0.503205
0.498778
0.508026
0.479256
-0.488131
0.504994
0.502662
0.498778
0.508026
0.479256
0.507500
-0.494562
0.504778
0.503205
-0.496853
0.511952
0.481064
0.504882
-0.487933
0.482638
0.509309
0.498451
0.507483
0.479256
0.507500
0.501069
0.500853
0.501396
0.501396
0.501396
0.501396
0.501396
-0.494235
0.505322
0.503205
0.498778
0.508026
-0.516376
0.511425
-0.492754
0.502161
0.509835
0.476638
0.514130
0.478928
0.506957
0.501069
0.500853
0.501396
0.501396
0.501396
0.501396
-0.494235
-0.490309
-0.488501
0.504513
-0.488414
-0.508438
0.497723
-0.511408
-0.481064
0.490749
0.484007
0.511184
0.485015
0.484816
-0.488459
0.504451
0.502662
-0.496853
0.511952
0.481064
-0.490749
0.511624
0.480521
0.504882
0.507699
-0.516919
-0.484206
0.506803
0.500044
0.505408
0.485885
0.485359
0.507172
-0.495106
0.504778
0.503205
0.498778
0.508026
0.479256
0.507500
0.501069
0.500853
0.501396
-0.494235
0.505322
0.503205
0.498778
0.508026
0.479256
0.507500
0.501069
0.500853
0.501396
0.501396
0.501396
0.501396
0.501396
0.501396
0.501396
-0.494235
-0.490309
0.507131
0.500587
-0.490223
-0.505820
0.491094
-0.489268
0.508463
-0.508480
0.486667
0.515611
-0.519864
0.517512
-0.514894
0.508264
0.509507
-0.519537
-0.477576
0.484662
0.506148
0.505081
0.485342
0.485359
-0.488459
0.504451
-0.492969
0.502704
0.509835
0.476638
-0.481501
0.482854
0.508765
0.498451
0.507483
0.479256
-0.488131
-0.490637
0.506587
0.500587
0.505408
-0.509746
0.489285
0.508981
-0.497723
0.511408
0.481064
0.504882
0.507699
0.478712
0.507500
0.501069
0.500853
0.501396
0.501396
-0.494235
-0.490309
0.507131
0.500587
0.505408
-0.509746
0.489285
0.508981
0.497908
0.507483
0.479256
-0.488131
0.504994
-0.492969
-0.492927
-0.481871
-0.513259
-0.478385
-0.506957
0.494562
-0.504778
0.492426
0.492927
-0.513760
0.517185
-0.515437
0.508264
-0.486124
0.480020
-0.479692
-0.515395
-0.476310
-0.513586
-0.478928
0.488674
0.490637
0.489044
0.491118
0.484488
0.506629
0.500525
-0.494778
-0.490309
0.507131
-0.495044
-0.486297
0.491620
0.484550
0.511184
0.485015
-0.510815
0.511098
0.502334
0.498235
0.508026
-0.516376
0.511425
-0.492754
-0.493471
0.513760
0.478447
0.511512
-0.510073
0.488741
0.508981
0.497908
0.507483
-0.516376
0.511425
0.502878
0.498235
-0.487605
0.483181
0.509309
0.498451
-0.488148
-0.512450
0.513234
0.500260
0.504865
-0.509746
0.489285
-0.486650
0.501833
-0.486340
0.480563
0.515939
0.476310
0.513586
0.478928
-0.488674
-0.490637
-0.489044
0.504513
0.507217
0.483268
0.491989
-0.510599
0.510555
0.502334
0.498235
0.508026
0.479256
0.507500
-0.494562
0.504778
0.503205
-0.496853
-0.483679
0.484990
0.506691
0.505081
0.485342
-0.510272
-0.484533
0.506260
-0.495587
0.509334
0.487694
0.482741
0.513802
0.478385
-0.488674
0.504994
0.502662
0.498778
0.508026
0.479256
0.507500
0.501069
0.500853
-0.494235
-0.490309
0.507131
-0.495044
0.509334
0.487694
-0.512890
-0.477903
0.484119
0.506148
0.505081
-0.510289
-0.506346
0.512907
0.499716
-0.490766
0.489811
-0.508463
0.508480
-0.486667
0.480020
0.515939
-0.519321
0.517512
0.480737
-0.491292
0.511624
0.480521
-0.490749
0.511624
0.480521
0.504882
0.507699
-0.516919
0.511425
-0.492754
0.502161
0.509835
0.476638
0.514130
-0.516703
-0.484749
0.506803
0.500044
0.505408
0.485885
-0.510272
0.511098
0.502334
0.498235
0.508026
-0.516376
0.511425
0.502878
-0.497396
0.511952
0.481064
0.504882
0.507699
0.478712
0.507500
0.501069
0.500853
0.501396
-0.494235
-0.490309
0.507131
0.500587
0.505408
0.485885
0.485359
-0.488459
0.504451
0.502662
0.498778
0.508026
-0.516376
0.511425
0.502878
0.498235
-0.487605
0.483181
-0.486322
0.502376
-0.486340
0.480563
0.515939
0.476310
0.513586
-0.516703
-0.484749
-0.488828
0.503969
0.507217
-0.512363
-0.499716
0.490766
0.505820
0.504537
-0.510289
-0.506346
0.512907
0.499716
0.504865
0.485885
-0.510272
0.511098
0.502334
0.498235
-0.487605
0.483181
0.509309
-0.497180
0.511408
0.481064
-0.490749
-0.484007
0.484447
0.506691
-0.490550
0.489268
-0.508463
0.508480
0.508964
0.476094
0.514130
0.478928
0.506957
0.501069
-0.494778
0.505322
0.503205
-0.496853
0.511952
0.481064
-0.490749
0.511624
0.480521
0.504882
-0.487933
0.482638
0.509309
0.498451
0.507483
0.479256
0.507500
0.501069
-0.494778
0.505322
0.503205
0.498778
0.508026
0.479256
0.507500
-0.494562
0.504778
0.503205
0.498778
0.508026
0.479256
0.507500
0.501069
0.500853
-0.494235
0.505322
-0.492426
0.502704
-0.485796
-0.515068
0.519864
-0.517512
-0.480737
-0.504339
-0.507699
0.516919
0.484206
0.488828
0.491662
-0.511143
0.510555
0.502334
0.498235
0.508026
0.479256
0.507500
0.501069
0.500853
0.501396
0.501396
0.501396
0.501396
0.501396
0.501396
0.501396
0.501396
0.501396
0.501396
0.501396
0.501396
-0.494235
-0.490309
-0.488501
-0.491118
0.511143
-0.510555
0.493297
0.493471
-0.513760
-0.478447
0.484119
-0.489484
0.509006
0.487151
0.482741
0.513802
-0.517246
-0.484749
-0.488828
0.503969
0.507217
0.483268
0.491989
0.485032
0.506629
-0.495106
-0.490853
0.507131
0.500587
0.505408
0.485885
0.485359
0.507172
-0.495106
0.504778
0.503205
0.498778
0.508026
0.479256
-0.488131
0.504994
0.502662
0.498778
0.508026
-0.516376
-0.484206
-0.488828
0.503969
-0.488414
0.487193
0.493798
0.482414
0.513259
-0.517246
0.510882
0.502878
-0.497396
0.511952
0.481064
-0.490749
0.511624
0.480521
-0.490749
-0.484007
0.484447
0.506691
0.505081
0.485342
-0.510272
0.511098
-0.493297
-0.493471
-0.481871
0.482372
0.513321
0.482940
0.491446
-0.510599
0.510555
0.502334
0.498235
0.508026
0.479256
-0.488131
0.504994
0.502662
0.498778
0.508026
0.479256
0.507500
0.501069
0.500853
-0.494235
0.505322
0.503205
-0.496853
0.511952
-0.514567
-0.486823
0.513433
-0.517728
-0.480194
0.491292
0.484007
0.511184
0.485015
-0.510815
-0.484533
-0.489371
0.503969
0.507217
-0.512363
0.495915
0.486841
0.504011
0.507155
-0.516919
-0.484206
0.506803
-0.495587
0.509334
0.487694
0.482741
0.513802
0.478385
-0.488674
0.504994
-0.492969
0.502704
0.509835
0.476638
0.514130
-0.516703
0.510882
-0.492754
0.502161
0.509835
0.476638
0.514130
0.478928
-0.488674
0.504994
-0.492969
0.502704
-0.485796
0.480563
0.515939
0.476310
0.513586
0.478928
0.506957
0.501069
0.500853
0.501396
-0.494235
0.505322
0.503205
0.498778
-0.487605
0.483181
-0.486322
0.502376
0.509292
0.476638
0.514130
0.478928
0.506957
-0.494562
-0.490853
-0.488501
-0.491118
-0.484488
0.489002
-0.504451
0.492969
-0.502704
0.485796
-0.480563
0.479692
-0.480236
-0.515395
0.519321
0.478119
-0.484662
0.489484
0.486625
0.504555
0.507155
0.478712
-0.488131
0.504994
0.502662
0.498778
0.508026
0.479256
0.507500
0.501069
0.500853
-0.494235
-0.490309
0.507131
0.500587
0.505408
-0.509746
0.489285
0.508981
-0.497723
0.511408
0.481064
-0.490749
0.511624
0.480521
0.504882
0.507699
-0.516919
0.511425
0.502878
-0.497396
0.511952
0.481064
