0.000000
0.024329
-0.031535
0.032869
0.119183
-0.195543
0.133289
0.238784
-0.061595
0.148165
-0.103821
0.206127
0.313673
0.113843
0.233108
0.349575
0.365625
0.381172
0.405030
0.422945
0.428721
-0.131384
0.330067
0.447441
0.268111
0.355293
0.467343
0.460036
0.445521
-0.152517
0.347055
-0.158471
-0.415306
-0.319722
-0.395281
0.175708
0.292548
-0.373118
0.329140
-0.190678
0.245488
0.415344
0.340954
0.426064
-0.245100
0.381423
0.461173
0.344640
0.424324
0.472556
-0.263508
0.383204
-0.277568
-0.454887
0.392554
0.372393
-0.422803
0.391279
0.491919
0.349636
-0.334533
0.418655
0.502244
0.364218
0.442801
0.485654
-0.311430
-0.392529
-0.369482
0.350477
-0.413944
0.313649
0.492806
0.396557
-0.369694
-0.420070
-0.385568
0.379332
0.436557
0.401292
0.467469
0.477564
0.482139
0.480097
-0.378688
0.410444
0.519439
0.425425
0.473693
-0.389970
-0.458000
0.451710
0.474772
0.426722
-0.411780
0.410909
0.532888
-0.451255
0.413307
-0.374434
0.386594
-0.388933
0.391555
-0.395601
0.401217
-0.406019
0.410587
0.502801
0.448688
0.483159
-0.439227
-0.457384
0.477390
-0.433154
0.419382
0.488427
0.459553
-0.441260
0.445949
-0.412181
0.442435
0.501281
0.457395
-0.446994
0.453324
0.522716
0.473503
0.484764
0.482722
-0.437906
0.472518
-0.435371
-0.493938
0.484746
0.475462
0.477568
-0.479240
0.466316
0.521933
0.477311
0.490560
0.483103
-0.447892
0.477984
-0.445229
-0.496651
-0.469397
-0.501118
-0.481752
0.454289
0.483490
0.469836
0.486365
-0.478051
0.484713
0.513270
-0.482010
0.482338
0.496052
-0.479253
0.485164
-0.473868
-0.498277
0.501014
0.477752
0.492346
-0.486308
-0.501514
0.503251
0.498050
-0.485504
-0.504025
-0.485243
0.488105
0.501863
0.469782
0.492431
0.488279
0.506419
0.500812
-0.474291
0.483996
-0.461724
0.472426
0.518741
0.470406
-0.467103
0.468170
0.520377
0.489641
0.505247
0.483449
0.509335
0.502259
0.502099
0.502478
0.502292
0.502120
0.501961
0.501814
0.501678
-0.478551
0.489394
0.512821
0.490427
0.505128
0.482938
-0.472954
0.488881
0.512294
-0.489802
0.492844
-0.486149
0.483739
-0.464471
-0.521355
0.509584
0.482316
0.498946
0.485874
-0.492222
0.494478
0.511781
0.489899
-0.475101
0.470653
0.518419
0.489914
0.504601
0.482938
0.507275
-0.479064
-0.491363
-0.479692
-0.490944
0.492735
0.486279
-0.499496
0.479187
0.498637
-0.485246
0.491803
0.493553
0.496024
0.504615
-0.497819
0.494991
0.512308
0.489899
0.505128
-0.497292
0.494991
0.512308
0.489899
0.505128
0.482938
0.507275
-0.479064
0.488866
0.512821
0.490427
-0.475101
-0.509576
0.506134
0.501057
-0.486880
0.474103
-0.480552
0.483226
0.515231
0.471158
0.510725
0.482424
-0.473481
0.488881
-0.467935
-0.502087
0.503987
0.482829
0.499474
0.485874
0.488007
0.506762
0.500638
0.501151
0.501678
-0.478551
-0.490835
0.500537
-0.478659
0.481592
-0.482699
0.464998
0.521355
0.470645
0.510198
-0.497805
0.494463
-0.467921
-0.502614
0.503987
-0.497400
0.487189
0.497017
0.476755
-0.470017
0.469612
0.517891
0.489914
0.504601
0.482938
0.507275
0.501165
0.501151
-0.478551
-0.490835
-0.479692
0.489285
0.505020
0.475136
-0.488245
0.475737
0.517378
0.489386
0.504601
0.482938
-0.472954
0.488881
-0.467935
0.478142
-0.463958
-0.520828
0.509584
-0.497913
0.486662
-0.483212
0.464471
0.521355
-0.509584
0.497913
-0.486662
0.483212
0.515758
0.471158
0.510725
0.482424
0.506748
0.501165
0.501151
0.501678
0.501678
0.501678
-0.478551
-0.490835
0.500537
-0.478659
0.481592
0.497530
0.477283
-0.470017
0.469612
0.517891
0.489914
-0.475628
0.470653
0.518419
0.489914
-0.475628
0.470653
0.518419
-0.490315
0.492316
-0.486149
0.483739
0.515758
-0.509071
0.498441
0.493568
-0.484733
0.492331
0.493553
0.496024
0.504615
0.482410
-0.472954
0.488881
0.512294
0.490427
-0.475101
0.470653
-0.461811
0.477629
-0.464485
-0.520828
-0.470645
0.470031
-0.470140
0.462338
0.502600
0.476770
0.509685
0.481897
-0.473481
-0.491348
0.500009
0.501570
0.493877
0.486387
0.488535
0.506762
0.500638
0.501151
-0.478551
-0.490835
0.500537
0.501570
0.493877
-0.493842
0.476250
-0.462324
0.477102
0.515744
0.471686
0.510725
0.482424
0.506748
0.501165
0.501151
0.501678
-0.478551
0.489394
0.512821
0.490427
0.505128
-0.497292
-0.485238
-0.480205
0.488758
0.505020
0.475136
0.491984
0.488021
-0.473994
0.488353
-0.467935
0.478142
0.516271
0.471686
0.510725
0.482424
0.506748
-0.479064
-0.491363
0.500537
0.501570
-0.486352
-0.506126
0.487393
-0.473575
0.480552
-0.483226
0.464998
-0.458874
0.458361
-0.458888
-0.521341
-0.471173
0.470031
0.510089
0.474623
0.491457
0.488021
0.506235
0.500638
0.501151
0.501678
-0.478551
0.489394
-0.467408
-0.502087
0.503987
0.482829
0.499474
0.485874
0.488007
0.506762
0.500638
0.501151
0.501678
0.501678
-0.478551
0.489394
0.512821
0.490427
0.505128
-0.497292
-0.485238
-0.480205
0.488758
0.505020
0.475136
0.491984
0.488021
0.506235
0.500638
0.501151
0.501678
0.501678
-0.478551
-0.490835
-0.479692
-0.490944
0.492735
0.486279
0.480733
0.491471
0.487494
0.506235
0.500638
0.501151
-0.478551
-0.490835
0.500537
-0.478659
0.481592
0.497530
0.477283
0.510212
-0.498332
0.494463
0.512308
0.489899
-0.475101
-0.509576
0.506134
-0.479172
-0.499165
0.485246
0.488426
0.498961
0.485347
0.488007
0.506762
0.500638
0.501151
0.501678
0.501678
-0.478551
-0.490835
0.500537
0.501570
0.493877
0.486387
0.488535
0.506762
-0.479591
0.488866
-0.467408
0.478142
0.516271
0.471686
0.510725
0.482424
0.506748
0.501165
0.501151
0.501678
0.501678
0.501678
-0.478551
0.489394
0.512821
0.490427
0.505128
0.482938
-0.472954
-0.491348
0.500009
0.501570
0.493877
0.486387
-0.491695
0.494478
-0.468448
-0.502614
-0.476242
0.470544
0.510617
-0.505606
0.479172
-0.481065
-0.497530
0.502946
0.482301
0.499474
0.485874
0.488007
0.506762
0.500638
0.501151
0.501678
0.501678
0.501678
0.501678
0.501678
-0.478551
0.489394
0.512821
0.490427
0.505128
0.482938
0.507275
-0.479064
0.488866
-0.467408
0.478142
0.516271
0.471686
0.510725
0.482424
0.506748
0.501165
0.501151
0.501678
-0.478551
0.489394
0.512821
0.490427
0.505128
-0.497292
0.494991
0.512308
-0.490330
0.492844
0.494081
-0.484205
0.492331
-0.486676
-0.496490
-0.476755
-0.510212
-0.481897
-0.506748
0.479064
-0.488866
0.467408
0.502087
0.476242
0.509685
0.481897
-0.473481
0.488881
0.512294
0.490427
0.505128
-0.497292
0.494991
0.512308
0.489899
-0.475101
0.470653
-0.461811
-0.502600
-0.476770
-0.509685
0.498332
0.485766
-0.500024
0.479187
0.498637
0.494983
0.504088
0.482410
0.507275
0.501165
0.501151
0.501678
0.501678
-0.478551
0.489394
-0.467408
-0.502087
0.503987
-0.497400
-0.493040
0.484733
0.487898
0.498961
-0.494882
0.475722
0.517905
0.489386
0.504601
0.482938
-0.472954
-0.491348
0.500009
0.501570
0.493877
-0.493842
0.476250
0.517905
0.489386
0.504601
0.482938
0.507275
0.501165
-0.479078
-0.490835
-0.479692
-0.490944
0.492735
0.486279
0.480733
-0.488758
0.475209
0.517378
0.489386
0.504601
-0.497292
0.494991
0.512308
0.489899
-0.475101
0.470653
-0.461811
-0.502600
-0.476770
0.470544
-0.469612
0.462338
-0.477629
0.464485
-0.459401
-0.521868
-0.471173
-0.510198
0.497805
0.485766
0.480205
-0.488758
0.475209
-0.462851
0.477102
-0.464485
0.459401
0.521868
0.471173
-0.470031
-0.510089
0.505606
0.501057
0.493349
-0.493842
0.476250
-0.462324
0.477102
0.515744
-0.508543
-0.481788
0.481283
0.506639
0.493364
0.485860
0.488535
0.506762
-0.479591
0.488866
0.512821
-0.489802
-0.487385
0.481796
0.507167
0.493364
-0.494369
-0.503979
0.505621
0.500529
0.493349
0.486387
0.488535
-0.473467
-0.491876
-0.480220
0.489285
0.505020
0.475136
-0.488245
0.475737
-0.462851
-0.503127
0.503459
-0.497400
0.487189
0.497017
0.476755
0.510212
-0.498332
0.494463
0.512308
0.489899
-0.475101
0.470653
0.518419
0.489914
0.504601
0.482938
0.507275
-0.479064
-0.491363
0.500537
-0.478659
0.481592
0.497530
-0.502946
0.497928
0.493040
-0.484733
0.492331
0.493553
0.496024
-0.475614
0.470125
-0.461811
0.477629
-0.464485
-0.520828
0.509584
-0.497913
0.486662
0.497017
0.476755
0.510212
0.481897
0.506748
0.501165
-0.479078
0.489394
-0.467408
-0.502087
0.503987
0.482829
0.499474
0.485874
-0.492222
-0.485751
0.499496
0.501042
0.493877
0.486387
-0.491695
-0.485751
0.499496
0.501042
-0.486352
-0.506126
-0.492836
0.494369
0.503979
0.474608
-0.488245
0.475737
-0.462851
-0.503127
-0.476770
-0.509685
0.498332
-0.494463
0.467921
0.502614
0.476242
-0.470544
0.469612
0.517891
0.489914
-0.475628
-0.509576
-0.474095
0.488772
0.504492
0.475136
-0.488245
-0.504492
0.505093
0.500529
-0.486880
0.474103
0.499678
-0.484718
0.491803
0.493553
0.496024
0.504615
0.482410
-0.472954
-0.491348
-0.480220
0.489285
0.505020
-0.505093
0.479700
-0.481065
0.482699
0.515231
0.471158
-0.469504
-0.510089
0.505606
0.501057
-0.486880
0.474103
0.499678
0.495511
0.504088
-0.497819
-0.485238
-0.480205
0.488758
0.505020
0.475136
0.491984
0.488021
0.506235
0.500638
0.501151
0.501678
0.501678
-0.478551
0.489394
0.512821
-0.489802
-0.487385
0.481796
-0.473062
-0.499150
0.484718
0.488426
0.498961
0.485347
-0.492222
0.494478
0.511781
0.489899
-0.475101
0.470653
0.518419
-0.490315
0.492316
0.494081
0.496024
0.504615
0.482410
-0.472954
0.488881
0.512294
0.490427
-0.475101
0.470653
0.518419
0.489914
0.504601
-0.497292
0.494991
-0.467921
0.477615
0.516271
0.471686
0.510725
0.482424
0.506748
-0.479064
0.488866
-0.467408
0.478142
0.516271
0.471686
0.510725
0.482424
0.506748
0.501165
-0.479078
0.489394
0.512821
-0.489802
0.492844
0.494081
0.496024
-0.475614
-0.510104
-0.474095
0.488772
-0.475737
0.462851
0.503127
0.476770
0.509685
0.481897
0.506748
0.501165
-0.479078
0.489394
-0.467408
0.478142
-0.463958
0.459401
-0.458361
-0.521341
0.509056
0.482316
0.498946
0.485874
0.488007
-0.473467
0.488353
0.512294
0.490427
0.505128
0.482938
0.507275
0.501165
0.501151
-0.478551
0.489394
0.512821
0.490427
0.505128
0.482938
-0.472954
0.488881
-0.467935
0.478142
0.516271
-0.508543
0.498441
-0.486662
0.483212
0.515758
0.471158
0.510725
0.482424
0.506748
-0.479064
0.488866
-0.467408
-0.502087
-0.476242
0.470544
0.510617
-0.505606
0.479172
0.499165
0.494983
0.504088
0.482410
0.507275
0.501165
0.501151
0.501678
-0.478551
0.489394
0.512821
0.490427
0.505128
0.482938
0.507275
0.501165
0.501151
0.501678
-0.478551
0.489394
0.512821
-0.489802
0.492844
0.494081
0.496024
-0.475614
-0.510104
-0.474095
0.488772
0.504492
0.475136
0.491984
0.488021
-0.473994
0.488353
0.512294
0.490427
-0.475101
-0.509576
0.506134
0.501057
0.493349
-0.493842
-0.503979
0.505621
0.500529
0.493349
-0.493842
-0.503979
-0.474608
0.488245
-0.475737
0.462851
-0.477102
-0.515744
0.508543
0.481788
-0.481283
-0.506639
0.486865
-0.473575
0.480552
0.497003
0.477283
-0.470017
-0.510617
0.505606
0.501057
0.493349
0.486387
0.488535
-0.473467
0.488353
0.512294
0.490427
0.505128
0.482938
-0.472954
0.488881
-0.467935
0.478142
0.516271
0.471686
0.510725
0.482424
0.506748
-0.479064
0.488866
0.512821
0.490427
0.505128
0.482938
0.507275
0.501165
0.501151
0.501678
0.501678
0.501678
0.501678
0.501678
-0.478551
0.489394
0.512821
-0.489802
-0.487385
0.481796
0.507167
0.493364
0.485860
-0.491695
0.494478
0.511781
-0.490330
0.492844
0.494081
0.496024
0.504615
-0.497819
0.494991
-0.467921
0.477615
-0.463958
0.459401
0.521868
0.471173
0.510198
-0.497805
0.494463
0.512308
-0.490330
0.492844
-0.486149
0.483739
0.515758
0.471158
0.510725
0.482424
0.506748
-0.479064
-0.491363
0.500537
-0.478659
0.481592
-0.482699
-0.515231
0.509071
-0.498441
-0.493568
0.484733
-0.492331
0.486676
-0.483739
0.464471
0.521355
-0.509584
-0.482316
0.481283
0.506639
0.493364
0.485860
0.488535
-0.473467
-0.491876
-0.480220
0.489285
0.505020
0.475136
0.491984
0.488021
-0.473994
0.488353
0.512294
-0.489802
0.492844
0.494081
0.496024
0.504615
0.482410
0.507275
0.501165
-0.479078
0.489394
0.512821
0.490427
-0.475101
-0.509576
0.506134
0.501057
0.493349
0.486387
0.488535
-0.473467
-0.491876
0.500009
0.501570
0.493877
0.486387
-0.491695
0.494478
0.511781
0.489899
0.505128
0.482938
0.507275
0.501165
0.501151
0.501678
0.501678
0.501678
0.501678
0.501678
0.501678
0.501678
0.501678
0.501678
0.501678
0.501678
0.501678
-0.478551
0.489394
-0.467408
0.478142
0.516271
0.471686
0.510725
0.482424
0.506748
0.501165
0.501151
0.501678
0.501678
0.501678
-0.478551
0.489394
0.512821
0.490427
0.505128
0.482938
-0.472954
0.488881
0.512294
0.490427
0.505128
0.482938
0.507275
-0.479064
0.488866
0.512821
-0.489802
0.492844
0.494081
0.496024
-0.475614
0.470125
0.518419
0.489914
0.504601
0.482938
0.507275
0.501165
0.501151
0.501678
0.501678
0.501678
0.501678
0.501678
-0.478551
0.489394
0.512821
0.490427
0.505128
-0.497292
0.494991
-0.467921
0.477615
0.516271
0.471686
0.510725
0.482424
0.506748
0.501165
0.501151
0.501678
0.501678
0.501678
0.501678
-0.478551
-0.490835
-0.479692
0.489285
-0.475209
-0.517378
0.490843
-0.492316
-0.494081
0.484205
0.487898
0.498961
0.485347
0.488007
-0.473467
0.488353
0.512294
-0.489802
0.492844
0.494081
-0.484205
0.492331
0.493553
0.496024
0.504615
-0.497819
-0.485238
0.500024
0.501042
0.493877
0.486387
0.488535
0.506762
-0.479591
0.488866
0.512821
0.490427
0.505128
0.482938
0.507275
0.501165
0.501151
0.501678
-0.478551
0.489394
0.512821
0.490427
0.505128
0.482938
0.507275
0.501165
0.501151
0.501678
0.501678
0.501678
0.501678
0.501678
0.501678
0.501678
-0.478551
-0.490835
0.500537
0.501570
-0.486352
-0.506126
0.487393
-0.473575
0.480552
-0.483226
0.464998
0.521355
-0.509584
0.497913
-0.486662
0.483212
0.515758
-0.509071
-0.481788
0.481283
0.506639
0.493364
0.485860
0.488535
-0.473467
0.488353
-0.467935
0.478142
0.516271
0.471686
-0.469504
0.470140
0.517891
0.489914
0.504601
0.482938
-0.472954
-0.491348
0.500009
0.501570
0.493877
-0.493842
0.476250
0.517905
-0.490843
0.492316
0.494081
0.496024
0.504615
0.482410
0.507275
0.501165
0.501151
0.501678
0.501678
-0.478551
-0.490835
0.500537
0.501570
0.493877
-0.493842
0.476250
0.517905
0.489386
0.504601
0.482938
-0.472954
0.488881
-0.467935
-0.502087
-0.476242
-0.509685
-0.481897
-0.506748
0.479064
-0.488866
0.467408
0.502087
-0.503987
0.497400
-0.487189
0.483212
-0.464471
0.458874
-0.458361
-0.521341
-0.471173
-0.510198
-0.482424
0.473481
0.491348
0.480220
0.490944
0.487494
0.506235
0.500638
-0.479078
-0.490835
0.500537
-0.478659
-0.498637
0.485246
0.488426
0.498961
0.485347
-0.492222
0.494478
0.511781
0.489899
0.505128
-0.497292
0.494991
-0.467921
-0.502614
0.503987
0.482829
0.499474
-0.494355
0.475722
0.517905
0.489386
0.504601
-0.497292
0.494991
0.512308
0.489899
-0.475101
0.470653
0.518419
0.489914
-0.475628
-0.509576
0.506134
0.501057
0.493349
-0.493842
0.476250
-0.462324
0.477102
-0.464485
0.459401
0.521868
0.471173
0.510198
0.482424
-0.473481
-0.491348
-0.480220
0.489285
0.505020
0.475136
0.491984
-0.492208
0.493950
0.511781
0.489899
0.505128
0.482938
0.507275
-0.479064
0.488866
0.512821
-0.489802
-0.487385
0.481796
0.507167
0.493364
0.485860
-0.491695
-0.485751
0.499496
-0.479187
0.481592
0.497530
0.477283
0.510212
0.481897
-0.473481
0.488881
0.512294
0.490427
0.505128
0.482938
0.507275
0.501165
0.501151
-0.478551
-0.490835
0.500537
-0.478659
0.481592
0.497530
-0.502946
-0.482301
0.480755
0.506639
0.493364
-0.494369
-0.503979
0.505621
0.500529
-0.486880
0.474103
-0.480552
0.483226
-0.464998
0.458874
0.521868
-0.509056
0.497913
0.493568
-0.484733
0.492331
0.493553
-0.484205
0.492331
0.493553
0.496024
0.504615
-0.497819
0.494991
-0.467921
0.477615
0.516271
0.471686
0.510725
-0.497805
-0.485766
0.500024
0.501042
0.493877
0.486387
-0.491695
0.494478
0.511781
0.489899
0.505128
-0.497292
0.494991
0.512308
-0.490330
0.492844
0.494081
0.496024
0.504615
0.482410
0.507275
0.501165
0.501151
0.501678
-0.478551
-0.490835
0.500537
0.501570
0.493877
0.486387
0.488535
-0.473467
0.488353
0.512294
0.490427
0.505128
-0.497292
0.494991
0.512308
0.489899
-0.475101
0.470653
-0.461811
0.477629
-0.464485
0.459401
0.521868
0.471173
0.510198
-0.497805
-0.485766
-0.480205
0.488758
0.505020
-0.505093
-0.500529
0.486880
0.506126
0.492836
-0.494369
-0.503979
0.505621
0.500529
0.493349
0.486387
-0.491695
0.494478
0.511781
0.489899
-0.475101
0.470653
0.518419
-0.490315
0.492316
0.494081
-0.484205
-0.487898
0.481268
0.507167
-0.486865
0.473575
-0.480552
0.483226
0.515231
0.471158
0.510725
0.482424
0.506748
0.501165
-0.479078
0.489394
0.512821
-0.489802
0.492844
0.494081
-0.484205
0.492331
0.493553
0.496024
-0.475614
0.470125
0.518419
0.489914
0.504601
0.482938
0.507275
0.501165
-0.479078
0.489394
0.512821
0.490427
0.505128
0.482938
0.507275
-0.479064
0.488866
0.512821
0.490427
0.505128
0.482938
0.507275
0.501165
0.501151
-0.478551
0.489394
-0.467408
0.478142
-0.463958
-0.520828
0.509584
-0.497913
-0.493568
-0.495496
-0.504615
0.497819
0.485238
0.480205
0.491471
-0.492735
0.493950
0.511781
0.489899
0.505128
0.482938
0.507275
0.501165
0.501151
0.501678
0.501678
0.501678
0.501678
0.501678
0.501678
0.501678
0.501678
0.501678
0.501678
0.501678
0.501678
-0.478551
-0.490835
-0.479692
-0.490944
0.492735
-0.493950
0.468448
0.502614
-0.503987
-0.482829
0.480755
-0.473590
0.481079
0.497003
0.477283
0.510212
-0.498332
-0.485766
-0.480205
0.488758
0.505020
0.475136
0.491984
0.488021
0.506235
-0.479591
-0.491363
0.500537
0.501570
0.493877
0.486387
0.488535
0.506762
-0.479591
0.488866
0.512821
0.490427
0.505128
0.482938
-0.472954
0.488881
0.512294
0.490427
0.505128
-0.497292
-0.485238
-0.480205
0.488758
-0.475209
0.462851
0.503127
0.476770
0.509685
-0.498332
0.494463
0.512308
-0.490330
0.492844
0.494081
-0.484205
0.492331
0.493553
-0.484205
-0.487898
0.481268
0.507167
0.493364
0.485860
-0.491695
0.494478
-0.468448
-0.502614
-0.476242
0.470544
0.510617
0.474623
0.491457
-0.492208
0.493950
0.511781
0.489899
0.505128
0.482938
-0.472954
0.488881
0.512294
0.490427
0.505128
0.482938
0.507275
0.501165
0.501151
-0.478551
0.489394
0.512821
-0.489802
0.492844
-0.486149
-0.496490
0.503474
-0.497928
-0.493040
0.484733
0.487898
0.498961
0.485347
-0.492222
-0.485751
-0.480733
0.488758
0.505020
-0.505093
0.479700
0.499165
0.494983
0.504088
-0.497819
-0.485238
0.500024
-0.479187
0.481592
0.497530
0.477283
0.510212
0.481897
-0.473481
0.488881
-0.467935
0.478142
0.516271
0.471686
0.510725
-0.497805
0.494463
-0.467921
0.477615
0.516271
0.471686
0.510725
0.482424
-0.473481
0.488881
-0.467935
0.478142
-0.463958
0.459401
0.521868
0.471173
0.510198
0.482424
0.506748
0.501165
0.501151
0.501678
-0.478551
0.489394
0.512821
0.490427
-0.475101
0.470653
-0.461811
0.477629
0.515744
0.471686
0.510725
0.482424
0.506748
-0.479064
-0.491363
-0.479692
-0.490944
-0.487494
0.473994
-0.488353
0.467935
-0.478142
0.463958
-0.459401
0.458361
-0.458888
-0.521341
0.509056
0.482316
-0.481283
0.473590
0.499150
0.495511
0.504088
0.482410
-0.472954
0.488881
0.512294
0.490427
0.505128
0.482938
0.507275
0.501165
0.501151
-0.478551
-0.490835
0.500537
0.501570
0.493877
-0.493842
0.476250
0.517905
-0.490843
0.492316
0.494081
-0.484205
0.492331
0.493553
0.496024
0.504615
-0.497819
0.494991
0.512308
-0.490330
0.492844
0.494081
